//1号线开始 西塱
0 1 3 1500
1 2 3 958
2 3 3 1400
3 4 3 1500
4 5 3 972
5 6 3 1100
6 7 3 883
7 8 3 778
8 9 3 1100
9 10 3 973
10 11 3 1100
11 12 3 1600
12 13 3 1400
13 14 3 986
14 15 3 1800
//1号线结束 广州东站
//2号线开始 广州南站
16 17 3 1200
17 18 4 2300
18 19 4 2300
19 20 3 1300
20 21 4 2100
21 22 3 953
22 23 4 2100
23 24 3 1000
24 25 2 816
25 26 2 1100
26 27 2 1100
27 28 3 1000
28 29 2 668
29 30 3 886
30 31 3 866
31 32 3 1100
32 33 3 1400
33 34 3 1700
34 35 3 1100
35 36 3 1200
36 37 3 1300
37 38 1200
38 39 1600
//2号线结束 嘉禾望岗
//3主开始 番禺广场
40 41 5 3800
41 42 8 6900
42 43 4 3100
43 44 3 2000
44 45 3 1700
45 46 4 2400
46 47 3 1800
47 48 3 1200
48 49 3 1400
49 50 3 1100
50 51 3 1200
51 52 2 816
52 53 2 1000
53 54 3 1800
54 55 4 2600
//3主结束 天河客运站
//3北开始 体育西路
56 57 2 1100
57 58 2 1000
58 59 2 1000
59 60 3 2000
60 61 3 1400
61 62 3 1300
62 63 5 3700
63 64 2 868
64 65 3 2100
65 66 7 6200
66 67 6 5600
67 68 4 2300
68 69 5 3500
69 70 2 1100
//3北结束 机场北
//4开始 南沙客运港
71 72 4 2900
72 73 3 2100
73 74 3 1900
74 75 3 2300
75 76 2 1300
76 77 3 1600
77 78 3 1900
78 79 4 3000
79 80 3 1700
80 81 5 4200
81 82 3 2500
82 83 4 3600
83 84 3 2500
84 85 3 2300
85 86 6 5900
86 87 3 2000
87 88 3 2500
88 89 3 2400
89 90 3 1400
90 91 4 3700
91 92 3 1900
92 93 2 1200
93 94 3 1600
//4结束 黄村
//5开始 滘口
95 96 4 1900
96 97 3 1500
97 98 3 1500
98 99 2 751
99 100 3 1600
100 101 5 2700
101 102 3 1100
102 103 3 1000
103 104 3 885
104 105 3 1000
105 106 3 1200
106 107 2 633
107 108 3 980
108 109 3 1300
109 110 4 1600
110 111 3 1500
111 112 3 1300
112 113 3 1600
113 114 4 1700
114 115 4 1700
115 116 3 1400
116 117 3 1400
117 118 3 1100
//5结束 文冲
//6开始 浔峰岗
119 120 4 992
120 121 2 886
121 122 5 2100
122 123 2 1100
123 124 3 2000
124 125 2 1300
125 126 2 725
126 127 2 1000
127 128 2 820
128 129 2 752
129 130 3 794
130 131 2 1100
131 132 2 1400
132 133 3 959
133 134 2 948
134 135 3 1100
135 136 2 1500
136 137 3 2300
137 138 3 515
138 139 3 2300
139 140 3 1100
140 141 3 2400
141 142 3 1500
142 143 2 1800
143 144 3 1400
144 145 3 2300
145 146 3 2100
146 147 3 1500
147 148 2 910
148 149 2 1400
149 150 4 1900
//6结束 香雪
//7开始 广州南站
151 152 3 1200
152 153 4 2000
153 154 4 2200
154 155 4 1800
155 156 4 2400
156 157 4 2500
157 158 4 1900
158 159 6 3400
//7结束 大学城南
//8开始 文化公园
160 161 3 1000
161 162 3 982
162 163 3 980
163 164 3 1100
164 165 3 1100
165 166 2 666
166 167 3 1200
167 168 4 1900
168 169 3 1100
169 170 3 1300
170 171 3 780
171 172 3 1400
172 173 3 868
173 174 4 1700
//8结束 万胜围
//9开始 飞鹅岭
175 176 3 2300
176 177 2 2100
177 178 3 1300
178 179 2 1200
179 180 2 1800
180 181 3 1400
181 182 2 1600
182 183 2 1500
183 184 3 1700
184 185 7 4600
//9结束 高增
//13开始 鱼珠
186 187 4 2500
187 188 3 1700
188 189 4 3000
189 190 3 2000
190 191 4 3100
191 192 5 3900
192 193 5 3400
193 194 3 1500
194 195 4 3300
195 196 3 1200
//13结束 新沙
//14主开始 嘉禾望岗
197 198 4 3700
198 199 4 3100
199 200 4 3800
200 201 6 5900
201 202 5 4900
202 203 5 5500
203 204 4 3000
204 205 5 5300
205 206 4 4000
206 207 6 5600
207 208 5 5300
208 209 4 3600
//14主结束 东风
//14支开始 新和
210 211 4 3300
211 212 4 2400
212 213 3 2200
213 214 4 2400
214 215 4 2900
215 216 3 1300
216 217 4 2300
217 218 4 2400
218 219 3 1900
//14支结束 镇龙
//21开始 员村
220 221 2 995
221 222 5 3400
222 223 4 2100
223 224 3 1200
224 225 4 2100
225 226 5 3000
226 227 3 1700
227 228 4 2600
228 229 4 2600
229 230 5 3000
230 231 8 6800
231 232 8 6800
232 233 4 2300
233 234 4 2100
234 235 5 3300
235 236 4 2800
236 237 5 3000
237 238 6 4100
238 239 6 4700
239 240 4 2500
//21结束 增城广场
//GF开始 新城东
241 242 5 6800
242 243 4 6800
243 244 6 3000
244 245 4 1100
245 246 4 1300
246 247 4 1200
247 248 4 1100
248 249 4 951
249 250 4 989
250 251 4 1100
251 252 4 1300
252 253 4 924
253 254 4 1200
254 255 4 1300
255 256 5 3200
256 257 3 1800
257 258 3 1800
258 259 3 1400
259 260 3 1700
260 261 4 2200
261 262 4 2300
262 263 4 1900
263 264 3 1300
264 265 5 2800
//GF结束 沥滘
//APM开始 广州塔
266 267 3 573
267 268 2 532
268 269 1 340
269 270 1 370
270 271 1 460
271 272 2 800
272 273 2 820
273 274 2 780
//APM结束 林和西
//THZ1开始 广州塔
275 276 2 600
276 277 2 800
277 278 2 500
279 280 3 900
280 281 1 800
281 282 2 1300
282 283 2 800
283 284 2 1200
284 285 2 1000
285 286 3 1000
//THZ1结束 万胜围
//西塱
0 258 3 0
258 0 3 0
//黄沙
4 125 4 0
125 4 4 0
//公园前
8 28 1 0
28 8 1 0
//东山口
11 132 4 0
132 11 4 0
//杨箕
12 105 4 0
105 12 4 0
//体育西路
13 57 4 0
13 50 4 0
57 13 4 0
50 13 4 0
57 50 0 0
50 57 0 0
//广州东站
15 58 3 0
58 15 3 0
//广州南站
16 151 3 0
151 16 0 0
//石壁
17 152 3 0
152 17 3 0
//南洲
21 264 4 0
264 21 4 0
//昌岗
24 165 3 0
165 24 3 0
//海珠广场
27 128 4 0
128 27 4 0
//广州火车站
100 31 4 0
31 100 4 0
//嘉禾望岗
39 65 0 0
65 39 0 0
39 197 4 0
197 39 4 0
65 197 4 0
197 65 4 0
//汉溪长隆
155 42 3 0
42 155 3 0
//沥滘
45 265 3 0
265 45 3 0
//客村
47 169 1 0
169 47 1 0
//广州塔
48 266 6 0
266 48 6 0
48 275 8 0
275 48 8 0
266 275 8 0
275 266 8 0
//珠江新城
49 107 2 0
107 49 2 0
//天河客运站
55 139 3 0
139 55 3 0
//林和西
277 57 6 0
57 277 6 0
//燕塘
59 138 3 0
138 59 2 0
//高增
185 68 2 0
68 185 2 0
//大学城南
88 159 4 0
159 88 4 0
//万胜围
91 174 3 0
174 91 3 0
91 285 8 0
285 91 8 0
174 285 8 0
285 174 8 0
//车陂南
112 92 2 0
92 112 2 0
//黄村
94 223 6 0
223 94 6 0
//坦尾
96 123 3 0
123 96 3 0
//区庄
103 133 2 0
133 103 2 0
//员村
220 110 4 0
110 220 4 0
//鱼珠
115 186 2 0
186 115 2 0
//文化公园
160 124 4 0
124 160 1 0
//苏元
148 228 1 0
228 148 1 0
//新和
204 210 0 0
204 210 0 0
//镇龙
219 233 0 0
233 219 0 0